lr: 0.01 it: 100 acc: 0.5081967213114754
lr: 0.001 it: 100 acc: 0.639344262295082
lr: 0.001 it: 10000 acc: 0.639344262295082
lr: 0.0001 it: 10000 acc: 0.7049180327868853
lr: 1e-05 it: 10000 acc: 0.6557377049180327
lr: 0.00015 it: 10000 acc: 0.7049180327868853
lr: 0.00012 it: 10000 acc: 0.7049180327868853
lr: 0.00012 it: 1000000 acc: 0.7540983606557377
lr: 0.00015 it: 1000000 acc: 0.7540983606557377
lr: 0.00015 it: 1000000 acc: 0.7540983606557377
lr: 0.00015 it: 1000 acc: 0.6557377049180327
lr: 0.00015 it: 10000 acc: 0.7049180327868853
lr: 0.00015 it: 100000 acc: 0.7540983606557377
lr: 0.00015 it: 100000 acc: 0.7540983606557377 cee: []
lr: 0.00015 it: 100000 acc: 0.7540983606557377 cee: 0.2866758661891702
lr: 0.00015 it: 100000 acc: 0.7540983606557377 cee: 0.44114063679286014
lr: 0.00015 it: 100000 acc: 0.7540983606557377 cee: [0.01936624 0.13657755 0.28271945 1.00985181 0.17668189 0.30573305
 0.70951407 1.42796112 0.16692155 0.21391559 0.16816206 0.07077409
 0.39657114 0.19038719 0.25459109 1.61900239 0.1059716  0.16620713
 0.77661701 0.10384211 0.23947742 0.04572393 0.82778472 0.24236403
 0.23088902 0.38928099 0.57593281 0.09721767 0.46131342 0.4292386
 0.18552261 0.71091565 0.09512057 0.04078783 0.08173545 1.32038888
 0.16102857 0.11261414 0.04947986 1.16513331 0.09539008 0.9067534
 0.05125739 0.31465402 1.04884509 1.03862934 0.06838162 0.20227611
 0.44635259 2.3142791  1.34661416 0.06235981 0.15034074 0.15667151
 0.14112494 0.26206773 0.2935369  0.06768554 0.17826824 1.34920176
 2.14154154 0.21855009 0.4181459  0.19179074 0.29133407 1.39823966
 0.10885058 0.52767339 0.24391152 0.06434979 0.42043708 0.2968864
 2.28557452 0.12727619 0.26503258 0.62659882 3.00696984 0.68190877
 0.16484964 0.15631694 0.06433054 0.15278549 0.13539351 0.07227123
 0.26917955 0.63606226 0.03824844 0.93904903 0.0426308  0.20419111
 0.10951949 0.47484691 0.08355758 0.21648217 0.0363866  0.3836775
 0.20356147 0.3366687  0.38471671 0.72446739 0.25652199 1.25454176
 0.67830002 0.12841836 0.50941089 0.28245596 0.13632257 0.11093417
 0.17778452 1.12920703 0.1203069  0.81705163 0.11154707 0.34675962
 0.40775877 0.10651391 0.98371885 0.10891597 0.08804286 0.08972643
 1.43886685 0.2665941  0.13205227 0.23328245 0.48755754 0.25607096
 0.0904932  1.83671837 0.09489873 0.26569934 0.0288865  0.36583311
 0.22584922 0.02624744 0.7193531  0.2491212  0.21450665 0.71983736
 0.48112427 0.59970965 0.29928812 0.43127071 0.07725382 0.07777546
 1.80060662 1.38557162 1.18321943 0.14493514 0.23126051 1.11422791
 0.14986973 0.64483684 0.24065401 0.14262126 0.36755746 0.0858548
 0.04769586 0.35169114 0.62891364 0.29607288 0.39626224 0.06868307
 0.19193641 0.49353873 0.81852296 0.11446733 1.23222882 1.65689251
 0.46571059 0.38603807 0.07031806 0.49735006 0.0479083  0.14245174
 0.51306979 0.4223213  0.54629272 1.13517008 0.3719044  0.85672627
 0.13570082 0.13457601 0.64847741 0.08385658 0.08369576 0.34412465
 0.08044903 1.02173254 0.02751968 0.0342731  0.49935281 0.91904041
 0.11661484 0.16875473 0.16028578 0.17180658 0.15100677 0.21886145
 0.12733829 0.46886716 1.76316756 0.22228226 0.0836431  0.42014312
 0.28491698 0.15359888 0.67621289 0.3110981  0.46779926 0.87323628
 0.09569857 0.66780974 0.03036708 0.88542333 0.47749174 0.15581415
 0.29510055 0.04016163 0.35512444 0.32447817 0.34585554 0.71744742
 0.55919276 0.58515481 0.2152029  0.11231038 0.08441052 0.19246763
 1.43264209 0.06936869 0.22030327 1.13416556 0.34231652 0.32645002
 1.17895507 0.77205337 0.2859636  0.63207881 0.3895165  0.04228708
 0.54312924 0.28667587]
 lr: 0.00015 it: 100000 acc: 0.7540983606557377 cee: 106.75603410387222
lr: 0.00015 it: 100000 acc: 0.7540983606557377 cee: 106.75603410387222
lr: 0.00015 it: 100000 acc: 0.7540983606557377 cee: 106.75603410387222
lr: 0.00015 it: 100000 acc: 0.7540983606557377 cee: 106.75603410387222
lr: 0.00015 it: 100000 acc: 0.7540983606557377 cee: 106.75603410387222
lr: 0.00015 it: 100000 acc: 0.7540983606557377 cee: 106.75603410387222
lr: 0.00015 it: 100000 acc: 0.7540983606557377 cee: 106.75603410387222
lr: 0.00015 it: 100000 acc: 0.7540983606557377 cee: 106.75603410387222
lr: 0.00015 it: 100000 acc: 0.7540983606557377 cee: 106.75603410387222
lr: 0.00015 it: 100000 acc: 0.7540983606557377 cee: 106.75603410387222
lr: 0.00015 it: 100000 acc: 0.7540983606557377 cee: 106.75603410387222
lr: 0.00015 it: 100000 acc: 0.7540983606557377 cee: 106.75603410387222
lr: 0.00015 it: 100000 acc: 0.7540983606557377 cee: 106.75603410387222
lr: 0.00015 it: 100000 acc: 0.7540983606557377 cee: 106.75603410387222
lr: 0.00015 it: 100000 acc: 0.7540983606557377 cee: 106.75603410387222
lr: 0.00015 it: 100000 acc: 0.7540983606557377 cee: 106.75603410387222
lr: 0.00015 it: 100000 acc: 0.7540983606557377 cee: 106.75603410387222
