m0: [ 56.75925926 137.7962963 ]
m1: [ 52.63432836 158.97761194]
sw: [[ 19184.82283029 -16006.39331122]
 [-16006.39331122 106946.45135434]]
sb: [[ 17.01505494 -87.37146342]
 [-87.37146342 448.64813241]]
w: [ 0.28737344 -0.95781862]
arr: 0.3442622950819672

m0: [ 56.75925926 137.7962963 ]
m1: [ 52.63432836 158.97761194]
sw: [[ 19184.82283029 -16006.39331122]
 [-16006.39331122 106946.45135434]]
sb: [[ 17.01505494 -87.37146342]
 [-87.37146342 448.64813241]]
w: [ 0.28737344 -0.95781862]
arr: 0.3442622950819672

m0: [ 56.75925926 137.7962963 ]
m1: [ 52.63432836 158.97761194]
sw: [[ 19184.82283029 -16006.39331122]
 [-16006.39331122 106946.45135434]]
sb: [[ 17.01505494 -87.37146342]
 [-87.37146342 448.64813241]]
w: [ 0.28737344 -0.95781862]
arr: 0.3442622950819672

m0: [ 56.75925926 137.7962963 ]
m1: [ 52.63432836 158.97761194]
sw: [[ 19184.82283029 -16006.39331122]
 [-16006.39331122 106946.45135434]]
sb: [[ 17.01505494 -87.37146342]
 [-87.37146342 448.64813241]]
w: [ 0.28737344 -0.95781862]
arr: 0.3442622950819672

m0: [ 56.75925926 137.7962963 ]
m1: [ 52.63432836 158.97761194]
sw: [[ 19184.82283029 -16006.39331122]
 [-16006.39331122 106946.45135434]]
sb: [[ 17.01505494 -87.37146342]
 [-87.37146342 448.64813241]]
w: [[-5.68686969e-05]
 [ 1.89543951e-04]]
arr: 0.6557377049180327

m0: [ 56.75925926 137.7962963 ]
m1: [ 52.63432836 158.97761194]
sw: [[ 19184.82283029 -16006.39331122]
 [-16006.39331122 106946.45135434]]
sb: [[ 17.01505494 -87.37146342]
 [-87.37146342 448.64813241]]
w: [ 0.28737344 -0.95781862]
arr: 0.3442622950819672

m0: [ 56.75925926 137.7962963 ]
m1: [ 52.63432836 158.97761194]
sw: [[ 19184.82283029 -16006.39331122]
 [-16006.39331122 106946.45135434]]
sb: [[ 17.01505494 -87.37146342]
 [-87.37146342 448.64813241]]
w: [-5.68686969e-05  1.89543951e-04]
arr: 0.6557377049180327

m0: [ 56.75925926 137.7962963 ]
m1: [ 52.63432836 158.97761194]
sw: [[ 19184.82283029 -16006.39331122]
 [-16006.39331122 106946.45135434]]
sb: [[ 17.01505494 -87.37146342]
 [-87.37146342 448.64813241]]
w: [-5.68686969e-05  1.89543951e-04]
arr: 0.6557377049180327

m0: [ 56.75925926 137.7962963 ]
m1: [ 52.63432836 158.97761194]
sw: [[ 19184.82283029 -16006.39331122]
 [-16006.39331122 106946.45135434]]
sb: [[ 17.01505494 -87.37146342]
 [-87.37146342 448.64813241]]
w: [-5.68686969e-05  1.89543951e-04]
arr: 0.6557377049180327

m0: [ 56.75925926 137.7962963 ]
m1: [ 52.63432836 158.97761194]
sw: [[ 19184.82283029 -16006.39331122]
 [-16006.39331122 106946.45135434]]
sb: [[ 17.01505494 -87.37146342]
 [-87.37146342 448.64813241]]
w: [-5.68686969e-05  1.89543951e-04]
arr: 0.6557377049180327

m0: [ 56.75925926 137.7962963 ]
m1: [ 52.63432836 158.97761194]
sw: [[ 19184.82283029 -16006.39331122]
 [-16006.39331122 106946.45135434]]
sb: [[ 17.01505494 -87.37146342]
 [-87.37146342 448.64813241]]
w: [-5.68686969e-05  1.89543951e-04]
arr: 0.6557377049180327

m0: [ 56.75925926 137.7962963 ]
m1: [ 52.63432836 158.97761194]
sw: [[ 19184.82283029 -16006.39331122]
 [-16006.39331122 106946.45135434]]
sb: [[ 17.01505494 -87.37146342]
 [-87.37146342 448.64813241]]
w: [-5.68686969e-05  1.89543951e-04]
arr: 0.6557377049180327

m0: [ 56.75925926 137.7962963 ]
m1: [ 52.63432836 158.97761194]
sw: [[ 19184.82283029 -16006.39331122]
 [-16006.39331122 106946.45135434]]
sb: [[ 17.01505494 -87.37146342]
 [-87.37146342 448.64813241]]
w: [-5.68686969e-05  1.89543951e-04]
arr: 0.6557377049180327

m0: [ 56.75925926 137.7962963 ]
m1: [ 52.63432836 158.97761194]
sw: [[ 19184.82283029 -16006.39331122]
 [-16006.39331122 106946.45135434]]
sb: [[ 17.01505494 -87.37146342]
 [-87.37146342 448.64813241]]
w: [-5.68686969e-05  1.89543951e-04]
arr: 0.6557377049180327

